{
 "cells": [
  {
   "cell_type": "code",
   "execution_count": 26,
   "metadata": {},
   "outputs": [],
   "source": [
    "#---- to do list -----\n",
    "# err_data_list 파일자동화\n",
    "import numpy as np\n",
    "import matplotlib.pyplot as plt\n",
    "import pandas as pd\n",
    "import os\n",
    "\n",
    "from tensorflow.python.keras.optimizer_v2.rmsprop import RMSProp\n",
    "from math import sqrt\n",
    "from numpy import concatenate\n",
    "from matplotlib import pyplot\n",
    "from pandas import read_csv, DataFrame, concat\n",
    "from sklearn.preprocessing import MinMaxScaler, LabelEncoder\n",
    "from sklearn.metrics import mean_squared_error\n",
    "from keras.models import Sequential\n",
    "from keras.layers import Dense, RepeatVector, LSTM, Input, TimeDistributed, Activation, Dropout\n",
    "from keras.optimizers import SGD\n",
    "np.set_printoptions(suppress=True)\n",
    "\n",
    "#pow 낮값만 추출 test\n",
    "#pow = 0인 구간 : 0~4, 21-23시\n",
    "powhr_start = 0\n",
    "powhr_end   = 23\n",
    "\n",
    "shift_days  = 3\n",
    "#hoursteps   = powhr_end-powhr_start+1 #(16)\n",
    "hoursteps   = 48\n",
    "timesteps   = shift_days*hoursteps #hours step\n",
    "\n",
    "data_dim    = 15\n",
    "out_dim     = 1\n",
    "n_model     = 10\n",
    "facltyCapacty = 200000\n",
    "\n",
    "load_path = 'C:/solar/pow_24/'\n",
    "save_path = 'C:/Users/VISLAB_PHY/Desktop/D_WORKSPACE/Data/'\n",
    "save_name = '210504_24'\n",
    "\n",
    "date_start = '10100901'\n",
    "date_end   = '30191201'\n",
    "\n",
    "err_date_list = ['20190912','20191122','20191130','20191217','20200501',\n",
    "                 '20200502','20191028','20191107','20191108','20191109',\n",
    "                 '20191110','20191111','20191112','20200214','20200307',\n",
    "                 '20200308','20200309','20200310','20200328','20200329',\n",
    "                 '20200625','20200809','20201003','20201029','20201226','20201227','20201228','20201229']"
   ]
  },
  {
   "cell_type": "markdown",
   "metadata": {},
   "source": [
    "# Yeo-JohnsonTransformer"
   ]
  },
  {
   "cell_type": "code",
   "execution_count": 27,
   "metadata": {},
   "outputs": [],
   "source": [
    "from sklearn.compose import ColumnTransformer\n",
    "from sklearn.preprocessing import PowerTransformer \n",
    "\n",
    "transf_type = 'yeo-johnson'\n",
    "#transf_type = 'box-cox'\n",
    "\n",
    "def yeo_johnson_transform(dataset):\n",
    "    \n",
    "    column_trans = ColumnTransformer(\n",
    "                    [('sunshine', PowerTransformer(method=transf_type, standardize=True), ['sunshine']),\n",
    "                     ('humdt', PowerTransformer(method=transf_type, standardize=True), ['humdt']),\n",
    "                     ('wnd_spd', PowerTransformer(method=transf_type, standardize=True), ['wnd_spd']),\n",
    "                     ('visiblt', PowerTransformer(method=transf_type, standardize=True), ['visiblt']),\n",
    "                     ('cloud2', PowerTransformer(method=transf_type, standardize=True), ['cloud2']),\n",
    "                     ('cloud', PowerTransformer(method=transf_type, standardize=True), ['cloud']),\n",
    "                     ('grd_temprt', PowerTransformer(method=transf_type, standardize=True), ['grd_temprt']),\n",
    "                     ('wnd_dir', PowerTransformer(method=transf_type, standardize=True), ['wnd_dir']),\n",
    "                     ('dewpnt', PowerTransformer(method=transf_type, standardize=True), ['dewpnt']),\n",
    "                     ('steampressr', PowerTransformer(method=transf_type, standardize=True), ['steampressr']),\n",
    "                     ('temprt', PowerTransformer(method=transf_type, standardize=True), ['temprt']),\n",
    "                     ('mincloud', PowerTransformer(method=transf_type, standardize=True), ['mincloud']),\n",
    "                     ('rain', PowerTransformer(method=transf_type, standardize=True), ['rain']),\n",
    "                     ('pressr', PowerTransformer(method=transf_type, standardize=True), ['pressr']),\n",
    "                     ('seapressr', PowerTransformer(method=transf_type, standardize=True), ['seapressr']),\n",
    "                     ('snow', PowerTransformer(method=transf_type, standardize=True), ['snow'])\n",
    "                    ])\n",
    "    \n",
    "    transformed_data = column_trans.fit_transform(dataset)\n",
    "    transformed_df = pd.DataFrame(transformed_data, columns=dataset.columns)\n",
    "    pd.concat([transformed_df], axis = 1)\n",
    "                    \n",
    "    return transformed_df"
   ]
  },
  {
   "cell_type": "markdown",
   "metadata": {},
   "source": [
    "# Get weather, pow data"
   ]
  },
  {
   "cell_type": "code",
   "execution_count": 28,
   "metadata": {
    "scrolled": true
   },
   "outputs": [],
   "source": [
    "import numpy as np\n",
    "import matplotlib.pyplot as plt\n",
    "import pandas as pd\n",
    "import os\n",
    "import fnmatch\n",
    "from pandas import read_csv\n",
    "from sklearn.compose import ColumnTransformer\n",
    "from sklearn.preprocessing import PowerTransformer \n",
    "#from feature_engine import variable_transformers as vt\n",
    "from scipy.stats import yeojohnson\n",
    "\n",
    "\n",
    "#############################################\n",
    "# 태양광 전력\n",
    "#############################################\n",
    "def get_pow():\n",
    "\n",
    "    # pow 파일 load\n",
    "    dir_path = 'C:/solar/pow_24/UR00000126_csv'\n",
    "    file_list   = os.listdir(dir_path)\n",
    "    print(len(file_list))\n",
    "    hrPow  = []    \n",
    "\n",
    "    # pow측정값 에러가 큰 일자 제거\n",
    "    for filename in file_list:\n",
    "        if (filename[:-4] not in err_date_list):\n",
    "            if ((filename[:-4]>=date_start) & (filename<date_end)):\n",
    "                filedata = pd.read_csv(dir_path+'/'+filename).values[:,0]\n",
    "                hrPow.append(filedata)\n",
    "                #print(filename[:-4])\n",
    "\n",
    "    \n",
    "    #낮시간 추출 (5~20시)\n",
    "    pow_dataset = pd.DataFrame(hrPow)\n",
    "    pow_dataset[23] = 0# 23시 data 쌓이지 않으므로 0으로 채움\n",
    "    pow_dataset =pow_dataset.iloc[:,powhr_start:powhr_end+1]\n",
    "    pow_dataset.to_csv(save_path+\"/pow_test_\"+save_name+\".csv\",mode='w',index=False)\n",
    "\n",
    "    # 결측값 보간, reshape\n",
    "    pow_dataset = pow_dataset.interpolate(method='linear')\n",
    "    pow_dataset = pow_dataset.values.reshape(-1,1)\n",
    "    pow_dataset = pd.DataFrame(pow_dataset)\n",
    "    pow_dataset.columns = ['pow']\n",
    "    pow_dataset.to_csv(save_path+\"/pow_\"+save_name+\".csv\",mode='w',index=False)\n",
    "\n",
    "    \n",
    "    # scale\n",
    "    sc_pow = MinMaxScaler(feature_range = (0, 1))\n",
    "    scaled_pow = sc_pow.fit_transform(pow_dataset.values)\n",
    "    df_pow = pd.DataFrame(scaled_pow, columns=pow_dataset.columns, index=list(pow_dataset.index.values))\n",
    "    \n",
    "    return df_pow, sc_pow\n",
    "\n",
    "#############################################\n",
    "# 종관기상관측\n",
    "#############################################\n",
    "def get_weather():\n",
    "    # pow 파일 load\n",
    "    file_list   = os.listdir(load_path)\n",
    "    print(len(file_list))\n",
    "    for filename in os.listdir(load_path):\n",
    "        if fnmatch.fnmatch(filename, 'OBS_ASOS_TIM_*.csv'):\n",
    "            print(filename)\n",
    "\n",
    "            # load csv data\n",
    "            dataset = read_csv(load_path+'/'+filename, encoding='CP949')\n",
    "            dataset.drop(['지점','지점명'], axis=1, inplace=True)\n",
    "            dataset.drop(['기온 QC플래그','강수량 QC플래그','풍속 QC플래그','풍향 QC플래그','습도 QC플래그'], axis=1, inplace=True)\n",
    "            dataset.drop(['현지기압 QC플래그','해면기압 QC플래그','일조 QC플래그','지면온도 QC플래그'], axis=1, inplace=True)\n",
    "            dataset.drop(['5cm 지중온도(°C)','10cm 지중온도(°C)','20cm 지중온도(°C)','30cm 지중온도(°C)'], axis=1, inplace=True)\n",
    "            dataset.drop(['3시간신적설(cm)','일사(MJ/m2)','운형(운형약어)','지면상태(지면상태코드)','현상번호(국내식)'], axis=1, inplace=True)\n",
    "\n",
    "            # set column name\n",
    "            dataset.columns = ['ymdhms', 'temprt', 'rain', 'wnd_spd', 'wnd_dir', 'humdt','steampressr',\n",
    "                               'dewpnt', 'pressr','seapressr','sunshine','snow','cloud','cloud2','mincloud','visiblt','grd_temprt']\n",
    "\n",
    "            # prioirty sort (피어슨상관계수)\n",
    "            dataset = dataset[['ymdhms','sunshine','humdt','wnd_spd','visiblt','cloud2',\n",
    "                               'cloud','grd_temprt','wnd_dir','dewpnt','steampressr','temprt',\n",
    "                               'mincloud','rain','pressr','seapressr','snow']]\n",
    "\n",
    "\n",
    "            # set NA data (관측값 0이 누적되어 결측된 경우. 0으로 세팅)\n",
    "            dataset['rain'].fillna(0, inplace=True)     #강수량\n",
    "            dataset['sunshine'].fillna(0, inplace=True) #일조\n",
    "            dataset['snow'].fillna(0, inplace=True)     #적설량\n",
    "\n",
    "            #일시 패턴 변환(2019-08-20 5:00 -> 2019082005)\n",
    "            dataset['ymdhms'] = dataset['ymdhms'].str[0:4]+dataset['ymdhms'].str[5:7]+dataset['ymdhms'].str[8:10]+dataset['ymdhms'].str[-5:-4].replace(\" \",\"0\")+dataset['ymdhms'].str[-4:-3]\n",
    "            # pow측정값 중 결측값 많은 일자 제거\n",
    "            dataset = dataset[(dataset['ymdhms'].str[0:8]>=date_start) & (dataset['ymdhms'].str[0:8]<date_end)]\n",
    "            for err_date in err_date_list:\n",
    "                idx_err = dataset[dataset['ymdhms'].str.startswith(err_date)].index\n",
    "                dataset = dataset.drop(idx_err)\n",
    "\n",
    "            #낮시간 추출 (5~20시)\n",
    "            dataset = dataset[(dataset['ymdhms'].str[-2:]>=str(powhr_start).rjust(2, '0')) &(dataset['ymdhms'].str[-2:]<=str(powhr_end))]\n",
    "            dataset = dataset.interpolate(method='linear')# 결측값 보간\n",
    "            \n",
    "            # save file (test용)\n",
    "            dataset.to_csv(save_path+\"/weather_\"+save_name+\".csv\",mode='w',index=False)\n",
    "\n",
    "            # normalization\n",
    "            dataset.drop(['ymdhms'], axis=1, inplace=True)\n",
    "            dataset = dataset.astype('float32')\n",
    "            dataset = dataset.interpolate(method='linear')\n",
    "            \n",
    "            #YEO-JOHNSON transform\n",
    "            #yeo_df = yeo_johnson_transform(dataset)\n",
    "            yeo_df = dataset\n",
    "            #insert feature (test)\n",
    "            yeo_df.insert(2, 'temp_press', yeo_df['temprt']-yeo_df['steampressr'], True)\n",
    "            yeo_df.insert(2, 'sunshine_humdt', abs(yeo_df['sunshine'])-(yeo_df['humdt']*(2.1)), True)#0.35\n",
    "            \n",
    "            sc = MinMaxScaler(feature_range = (0, 1))#scale\n",
    "            scaled_weather = sc.fit_transform(yeo_df.values)\n",
    "            weather = pd.DataFrame(scaled_weather, columns=yeo_df.columns, index=list(yeo_df.index.values))\n",
    "            \n",
    "            weather = weather.iloc[:, 0:data_dim] #feature size 조절\n",
    "            \n",
    "    return weather\n"
   ]
  },
  {
   "cell_type": "markdown",
   "metadata": {},
   "source": [
    "# Numpy data\n",
    "weather, pow"
   ]
  },
  {
   "cell_type": "code",
   "execution_count": 29,
   "metadata": {},
   "outputs": [
    {
     "name": "stdout",
     "output_type": "stream",
     "text": [
      "550\n",
      "13\n",
      "OBS_ASOS_TIM_20190820_20210313.csv\n",
      "df_pow :  (13056, 1)\n",
      "df :  (13056, 15)\n"
     ]
    }
   ],
   "source": [
    "#############################################\n",
    "# numpy data 만들기\n",
    "#############################################\n",
    "\n",
    "df_pow, sc_pow   = get_pow()\n",
    "df               = get_weather()\n",
    "\n",
    "print(\"df_pow : \", df_pow.shape)\n",
    "print(\"df : \",df.shape)\n",
    "\n",
    "# pow + weather + powY\n",
    "df.insert(0, 'pow', df_pow.values, True)\n",
    "df = df.iloc[0:-timesteps, :]\n",
    "df.insert(df.shape[1], 'pow_Y', df_pow.iloc[timesteps:, :].values, True)\n",
    "\n",
    "df.to_csv(save_path+\"/total_\"+save_name+\".csv\",mode='w',index=False, encoding='CP949')\n"
   ]
  },
  {
   "cell_type": "code",
   "execution_count": null,
   "metadata": {},
   "outputs": [],
   "source": [
    "print()"
   ]
  },
  {
   "cell_type": "code",
   "execution_count": 30,
   "metadata": {},
   "outputs": [
    {
     "data": {
      "text/html": [
       "<div>\n",
       "<style scoped>\n",
       "    .dataframe tbody tr th:only-of-type {\n",
       "        vertical-align: middle;\n",
       "    }\n",
       "\n",
       "    .dataframe tbody tr th {\n",
       "        vertical-align: top;\n",
       "    }\n",
       "\n",
       "    .dataframe thead th {\n",
       "        text-align: right;\n",
       "    }\n",
       "</style>\n",
       "<table border=\"1\" class=\"dataframe\">\n",
       "  <thead>\n",
       "    <tr style=\"text-align: right;\">\n",
       "      <th></th>\n",
       "      <th>pow</th>\n",
       "      <th>sunshine</th>\n",
       "      <th>humdt</th>\n",
       "      <th>sunshine_humdt</th>\n",
       "      <th>temp_press</th>\n",
       "      <th>wnd_spd</th>\n",
       "      <th>visiblt</th>\n",
       "      <th>cloud2</th>\n",
       "      <th>cloud</th>\n",
       "      <th>grd_temprt</th>\n",
       "      <th>wnd_dir</th>\n",
       "      <th>dewpnt</th>\n",
       "      <th>steampressr</th>\n",
       "      <th>temprt</th>\n",
       "      <th>mincloud</th>\n",
       "      <th>rain</th>\n",
       "      <th>pow_Y</th>\n",
       "    </tr>\n",
       "  </thead>\n",
       "  <tbody>\n",
       "    <tr>\n",
       "      <th>pow</th>\n",
       "      <td>1.000000</td>\n",
       "      <td>0.747989</td>\n",
       "      <td>-0.529130</td>\n",
       "      <td>0.532603</td>\n",
       "      <td>0.531586</td>\n",
       "      <td>0.360453</td>\n",
       "      <td>0.311135</td>\n",
       "      <td>-0.241311</td>\n",
       "      <td>-0.222506</td>\n",
       "      <td>0.294830</td>\n",
       "      <td>0.239090</td>\n",
       "      <td>-0.124818</td>\n",
       "      <td>-0.122677</td>\n",
       "      <td>0.157984</td>\n",
       "      <td>0.100392</td>\n",
       "      <td>-0.074434</td>\n",
       "      <td>0.734516</td>\n",
       "    </tr>\n",
       "    <tr>\n",
       "      <th>sunshine</th>\n",
       "      <td>0.747989</td>\n",
       "      <td>1.000000</td>\n",
       "      <td>-0.650352</td>\n",
       "      <td>0.655316</td>\n",
       "      <td>0.627875</td>\n",
       "      <td>0.386597</td>\n",
       "      <td>0.388167</td>\n",
       "      <td>-0.386269</td>\n",
       "      <td>-0.346704</td>\n",
       "      <td>0.286624</td>\n",
       "      <td>0.282305</td>\n",
       "      <td>-0.164148</td>\n",
       "      <td>-0.156870</td>\n",
       "      <td>0.176023</td>\n",
       "      <td>0.143972</td>\n",
       "      <td>-0.089176</td>\n",
       "      <td>0.514305</td>\n",
       "    </tr>\n",
       "    <tr>\n",
       "      <th>humdt</th>\n",
       "      <td>-0.529130</td>\n",
       "      <td>-0.650352</td>\n",
       "      <td>1.000000</td>\n",
       "      <td>-0.999979</td>\n",
       "      <td>-0.674020</td>\n",
       "      <td>-0.581695</td>\n",
       "      <td>-0.670928</td>\n",
       "      <td>0.361374</td>\n",
       "      <td>0.312210</td>\n",
       "      <td>0.018611</td>\n",
       "      <td>-0.533241</td>\n",
       "      <td>0.545488</td>\n",
       "      <td>0.494528</td>\n",
       "      <td>0.099177</td>\n",
       "      <td>-0.273289</td>\n",
       "      <td>0.152772</td>\n",
       "      <td>-0.372976</td>\n",
       "    </tr>\n",
       "    <tr>\n",
       "      <th>sunshine_humdt</th>\n",
       "      <td>0.532603</td>\n",
       "      <td>0.655316</td>\n",
       "      <td>-0.999979</td>\n",
       "      <td>1.000000</td>\n",
       "      <td>0.675641</td>\n",
       "      <td>0.581754</td>\n",
       "      <td>0.670498</td>\n",
       "      <td>-0.362671</td>\n",
       "      <td>-0.313443</td>\n",
       "      <td>-0.016033</td>\n",
       "      <td>0.532673</td>\n",
       "      <td>-0.543832</td>\n",
       "      <td>-0.493096</td>\n",
       "      <td>-0.097100</td>\n",
       "      <td>0.272991</td>\n",
       "      <td>-0.152681</td>\n",
       "      <td>0.375312</td>\n",
       "    </tr>\n",
       "    <tr>\n",
       "      <th>temp_press</th>\n",
       "      <td>0.531586</td>\n",
       "      <td>0.627875</td>\n",
       "      <td>-0.674020</td>\n",
       "      <td>0.675641</td>\n",
       "      <td>1.000000</td>\n",
       "      <td>0.322161</td>\n",
       "      <td>0.401381</td>\n",
       "      <td>-0.182568</td>\n",
       "      <td>-0.101603</td>\n",
       "      <td>0.508140</td>\n",
       "      <td>0.294924</td>\n",
       "      <td>0.065621</td>\n",
       "      <td>-0.035755</td>\n",
       "      <td>0.469492</td>\n",
       "      <td>0.222730</td>\n",
       "      <td>-0.087811</td>\n",
       "      <td>0.413112</td>\n",
       "    </tr>\n",
       "    <tr>\n",
       "      <th>wnd_spd</th>\n",
       "      <td>0.360453</td>\n",
       "      <td>0.386597</td>\n",
       "      <td>-0.581695</td>\n",
       "      <td>0.581754</td>\n",
       "      <td>0.322161</td>\n",
       "      <td>1.000000</td>\n",
       "      <td>0.432112</td>\n",
       "      <td>-0.099605</td>\n",
       "      <td>-0.103488</td>\n",
       "      <td>-0.031025</td>\n",
       "      <td>0.692556</td>\n",
       "      <td>-0.320500</td>\n",
       "      <td>-0.270759</td>\n",
       "      <td>-0.077787</td>\n",
       "      <td>-0.071635</td>\n",
       "      <td>0.040979</td>\n",
       "      <td>0.286644</td>\n",
       "    </tr>\n",
       "    <tr>\n",
       "      <th>visiblt</th>\n",
       "      <td>0.311135</td>\n",
       "      <td>0.388167</td>\n",
       "      <td>-0.670928</td>\n",
       "      <td>0.670498</td>\n",
       "      <td>0.401381</td>\n",
       "      <td>0.432112</td>\n",
       "      <td>1.000000</td>\n",
       "      <td>-0.226679</td>\n",
       "      <td>-0.189121</td>\n",
       "      <td>-0.024003</td>\n",
       "      <td>0.438477</td>\n",
       "      <td>-0.371825</td>\n",
       "      <td>-0.334169</td>\n",
       "      <td>-0.094114</td>\n",
       "      <td>0.163699</td>\n",
       "      <td>-0.176523</td>\n",
       "      <td>0.217832</td>\n",
       "    </tr>\n",
       "    <tr>\n",
       "      <th>cloud2</th>\n",
       "      <td>-0.241311</td>\n",
       "      <td>-0.386269</td>\n",
       "      <td>0.361374</td>\n",
       "      <td>-0.362671</td>\n",
       "      <td>-0.182568</td>\n",
       "      <td>-0.099605</td>\n",
       "      <td>-0.226679</td>\n",
       "      <td>1.000000</td>\n",
       "      <td>0.675451</td>\n",
       "      <td>0.124574</td>\n",
       "      <td>-0.123194</td>\n",
       "      <td>0.317869</td>\n",
       "      <td>0.298814</td>\n",
       "      <td>0.172521</td>\n",
       "      <td>-0.254658</td>\n",
       "      <td>0.139304</td>\n",
       "      <td>-0.060885</td>\n",
       "    </tr>\n",
       "    <tr>\n",
       "      <th>cloud</th>\n",
       "      <td>-0.222506</td>\n",
       "      <td>-0.346704</td>\n",
       "      <td>0.312210</td>\n",
       "      <td>-0.313443</td>\n",
       "      <td>-0.101603</td>\n",
       "      <td>-0.103488</td>\n",
       "      <td>-0.189121</td>\n",
       "      <td>0.675451</td>\n",
       "      <td>1.000000</td>\n",
       "      <td>0.123123</td>\n",
       "      <td>-0.110257</td>\n",
       "      <td>0.286304</td>\n",
       "      <td>0.239598</td>\n",
       "      <td>0.160774</td>\n",
       "      <td>-0.100259</td>\n",
       "      <td>0.114800</td>\n",
       "      <td>-0.019450</td>\n",
       "    </tr>\n",
       "    <tr>\n",
       "      <th>grd_temprt</th>\n",
       "      <td>0.294830</td>\n",
       "      <td>0.286624</td>\n",
       "      <td>0.018611</td>\n",
       "      <td>-0.016033</td>\n",
       "      <td>0.508140</td>\n",
       "      <td>-0.031025</td>\n",
       "      <td>-0.024003</td>\n",
       "      <td>0.124574</td>\n",
       "      <td>0.123123</td>\n",
       "      <td>1.000000</td>\n",
       "      <td>-0.069807</td>\n",
       "      <td>0.799846</td>\n",
       "      <td>0.788631</td>\n",
       "      <td>0.951377</td>\n",
       "      <td>-0.146154</td>\n",
       "      <td>0.090533</td>\n",
       "      <td>0.250409</td>\n",
       "    </tr>\n",
       "    <tr>\n",
       "      <th>wnd_dir</th>\n",
       "      <td>0.239090</td>\n",
       "      <td>0.282305</td>\n",
       "      <td>-0.533241</td>\n",
       "      <td>0.532673</td>\n",
       "      <td>0.294924</td>\n",
       "      <td>0.692556</td>\n",
       "      <td>0.438477</td>\n",
       "      <td>-0.123194</td>\n",
       "      <td>-0.110257</td>\n",
       "      <td>-0.069807</td>\n",
       "      <td>1.000000</td>\n",
       "      <td>-0.305157</td>\n",
       "      <td>-0.272938</td>\n",
       "      <td>-0.093360</td>\n",
       "      <td>-0.019331</td>\n",
       "      <td>-0.037650</td>\n",
       "      <td>0.174451</td>\n",
       "    </tr>\n",
       "    <tr>\n",
       "      <th>dewpnt</th>\n",
       "      <td>-0.124818</td>\n",
       "      <td>-0.164148</td>\n",
       "      <td>0.545488</td>\n",
       "      <td>-0.543832</td>\n",
       "      <td>0.065621</td>\n",
       "      <td>-0.320500</td>\n",
       "      <td>-0.371825</td>\n",
       "      <td>0.317869</td>\n",
       "      <td>0.286304</td>\n",
       "      <td>0.799846</td>\n",
       "      <td>-0.305157</td>\n",
       "      <td>1.000000</td>\n",
       "      <td>0.962532</td>\n",
       "      <td>0.883280</td>\n",
       "      <td>-0.275408</td>\n",
       "      <td>0.165957</td>\n",
       "      <td>-0.059987</td>\n",
       "    </tr>\n",
       "    <tr>\n",
       "      <th>steampressr</th>\n",
       "      <td>-0.122677</td>\n",
       "      <td>-0.156870</td>\n",
       "      <td>0.494528</td>\n",
       "      <td>-0.493096</td>\n",
       "      <td>-0.035755</td>\n",
       "      <td>-0.270759</td>\n",
       "      <td>-0.334169</td>\n",
       "      <td>0.298814</td>\n",
       "      <td>0.239598</td>\n",
       "      <td>0.788631</td>\n",
       "      <td>-0.272938</td>\n",
       "      <td>0.962532</td>\n",
       "      <td>1.000000</td>\n",
       "      <td>0.865585</td>\n",
       "      <td>-0.314935</td>\n",
       "      <td>0.183819</td>\n",
       "      <td>-0.072726</td>\n",
       "    </tr>\n",
       "    <tr>\n",
       "      <th>temprt</th>\n",
       "      <td>0.157984</td>\n",
       "      <td>0.176023</td>\n",
       "      <td>0.099177</td>\n",
       "      <td>-0.097100</td>\n",
       "      <td>0.469492</td>\n",
       "      <td>-0.077787</td>\n",
       "      <td>-0.094114</td>\n",
       "      <td>0.172521</td>\n",
       "      <td>0.160774</td>\n",
       "      <td>0.951377</td>\n",
       "      <td>-0.093360</td>\n",
       "      <td>0.883280</td>\n",
       "      <td>0.865585</td>\n",
       "      <td>1.000000</td>\n",
       "      <td>-0.166639</td>\n",
       "      <td>0.118404</td>\n",
       "      <td>0.142750</td>\n",
       "    </tr>\n",
       "    <tr>\n",
       "      <th>mincloud</th>\n",
       "      <td>0.100392</td>\n",
       "      <td>0.143972</td>\n",
       "      <td>-0.273289</td>\n",
       "      <td>0.272991</td>\n",
       "      <td>0.222730</td>\n",
       "      <td>-0.071635</td>\n",
       "      <td>0.163699</td>\n",
       "      <td>-0.254658</td>\n",
       "      <td>-0.100259</td>\n",
       "      <td>-0.146154</td>\n",
       "      <td>-0.019331</td>\n",
       "      <td>-0.275408</td>\n",
       "      <td>-0.314935</td>\n",
       "      <td>-0.166639</td>\n",
       "      <td>1.000000</td>\n",
       "      <td>-0.134549</td>\n",
       "      <td>0.009229</td>\n",
       "    </tr>\n",
       "    <tr>\n",
       "      <th>rain</th>\n",
       "      <td>-0.074434</td>\n",
       "      <td>-0.089176</td>\n",
       "      <td>0.152772</td>\n",
       "      <td>-0.152681</td>\n",
       "      <td>-0.087811</td>\n",
       "      <td>0.040979</td>\n",
       "      <td>-0.176523</td>\n",
       "      <td>0.139304</td>\n",
       "      <td>0.114800</td>\n",
       "      <td>0.090533</td>\n",
       "      <td>-0.037650</td>\n",
       "      <td>0.165957</td>\n",
       "      <td>0.183819</td>\n",
       "      <td>0.118404</td>\n",
       "      <td>-0.134549</td>\n",
       "      <td>1.000000</td>\n",
       "      <td>-0.013336</td>\n",
       "    </tr>\n",
       "    <tr>\n",
       "      <th>pow_Y</th>\n",
       "      <td>0.734516</td>\n",
       "      <td>0.514305</td>\n",
       "      <td>-0.372976</td>\n",
       "      <td>0.375312</td>\n",
       "      <td>0.413112</td>\n",
       "      <td>0.286644</td>\n",
       "      <td>0.217832</td>\n",
       "      <td>-0.060885</td>\n",
       "      <td>-0.019450</td>\n",
       "      <td>0.250409</td>\n",
       "      <td>0.174451</td>\n",
       "      <td>-0.059987</td>\n",
       "      <td>-0.072726</td>\n",
       "      <td>0.142750</td>\n",
       "      <td>0.009229</td>\n",
       "      <td>-0.013336</td>\n",
       "      <td>1.000000</td>\n",
       "    </tr>\n",
       "  </tbody>\n",
       "</table>\n",
       "</div>"
      ],
      "text/plain": [
       "                     pow  sunshine     humdt  sunshine_humdt  temp_press  \\\n",
       "pow             1.000000  0.747989 -0.529130        0.532603    0.531586   \n",
       "sunshine        0.747989  1.000000 -0.650352        0.655316    0.627875   \n",
       "humdt          -0.529130 -0.650352  1.000000       -0.999979   -0.674020   \n",
       "sunshine_humdt  0.532603  0.655316 -0.999979        1.000000    0.675641   \n",
       "temp_press      0.531586  0.627875 -0.674020        0.675641    1.000000   \n",
       "wnd_spd         0.360453  0.386597 -0.581695        0.581754    0.322161   \n",
       "visiblt         0.311135  0.388167 -0.670928        0.670498    0.401381   \n",
       "cloud2         -0.241311 -0.386269  0.361374       -0.362671   -0.182568   \n",
       "cloud          -0.222506 -0.346704  0.312210       -0.313443   -0.101603   \n",
       "grd_temprt      0.294830  0.286624  0.018611       -0.016033    0.508140   \n",
       "wnd_dir         0.239090  0.282305 -0.533241        0.532673    0.294924   \n",
       "dewpnt         -0.124818 -0.164148  0.545488       -0.543832    0.065621   \n",
       "steampressr    -0.122677 -0.156870  0.494528       -0.493096   -0.035755   \n",
       "temprt          0.157984  0.176023  0.099177       -0.097100    0.469492   \n",
       "mincloud        0.100392  0.143972 -0.273289        0.272991    0.222730   \n",
       "rain           -0.074434 -0.089176  0.152772       -0.152681   -0.087811   \n",
       "pow_Y           0.734516  0.514305 -0.372976        0.375312    0.413112   \n",
       "\n",
       "                 wnd_spd   visiblt    cloud2     cloud  grd_temprt   wnd_dir  \\\n",
       "pow             0.360453  0.311135 -0.241311 -0.222506    0.294830  0.239090   \n",
       "sunshine        0.386597  0.388167 -0.386269 -0.346704    0.286624  0.282305   \n",
       "humdt          -0.581695 -0.670928  0.361374  0.312210    0.018611 -0.533241   \n",
       "sunshine_humdt  0.581754  0.670498 -0.362671 -0.313443   -0.016033  0.532673   \n",
       "temp_press      0.322161  0.401381 -0.182568 -0.101603    0.508140  0.294924   \n",
       "wnd_spd         1.000000  0.432112 -0.099605 -0.103488   -0.031025  0.692556   \n",
       "visiblt         0.432112  1.000000 -0.226679 -0.189121   -0.024003  0.438477   \n",
       "cloud2         -0.099605 -0.226679  1.000000  0.675451    0.124574 -0.123194   \n",
       "cloud          -0.103488 -0.189121  0.675451  1.000000    0.123123 -0.110257   \n",
       "grd_temprt     -0.031025 -0.024003  0.124574  0.123123    1.000000 -0.069807   \n",
       "wnd_dir         0.692556  0.438477 -0.123194 -0.110257   -0.069807  1.000000   \n",
       "dewpnt         -0.320500 -0.371825  0.317869  0.286304    0.799846 -0.305157   \n",
       "steampressr    -0.270759 -0.334169  0.298814  0.239598    0.788631 -0.272938   \n",
       "temprt         -0.077787 -0.094114  0.172521  0.160774    0.951377 -0.093360   \n",
       "mincloud       -0.071635  0.163699 -0.254658 -0.100259   -0.146154 -0.019331   \n",
       "rain            0.040979 -0.176523  0.139304  0.114800    0.090533 -0.037650   \n",
       "pow_Y           0.286644  0.217832 -0.060885 -0.019450    0.250409  0.174451   \n",
       "\n",
       "                  dewpnt  steampressr    temprt  mincloud      rain     pow_Y  \n",
       "pow            -0.124818    -0.122677  0.157984  0.100392 -0.074434  0.734516  \n",
       "sunshine       -0.164148    -0.156870  0.176023  0.143972 -0.089176  0.514305  \n",
       "humdt           0.545488     0.494528  0.099177 -0.273289  0.152772 -0.372976  \n",
       "sunshine_humdt -0.543832    -0.493096 -0.097100  0.272991 -0.152681  0.375312  \n",
       "temp_press      0.065621    -0.035755  0.469492  0.222730 -0.087811  0.413112  \n",
       "wnd_spd        -0.320500    -0.270759 -0.077787 -0.071635  0.040979  0.286644  \n",
       "visiblt        -0.371825    -0.334169 -0.094114  0.163699 -0.176523  0.217832  \n",
       "cloud2          0.317869     0.298814  0.172521 -0.254658  0.139304 -0.060885  \n",
       "cloud           0.286304     0.239598  0.160774 -0.100259  0.114800 -0.019450  \n",
       "grd_temprt      0.799846     0.788631  0.951377 -0.146154  0.090533  0.250409  \n",
       "wnd_dir        -0.305157    -0.272938 -0.093360 -0.019331 -0.037650  0.174451  \n",
       "dewpnt          1.000000     0.962532  0.883280 -0.275408  0.165957 -0.059987  \n",
       "steampressr     0.962532     1.000000  0.865585 -0.314935  0.183819 -0.072726  \n",
       "temprt          0.883280     0.865585  1.000000 -0.166639  0.118404  0.142750  \n",
       "mincloud       -0.275408    -0.314935 -0.166639  1.000000 -0.134549  0.009229  \n",
       "rain            0.165957     0.183819  0.118404 -0.134549  1.000000 -0.013336  \n",
       "pow_Y          -0.059987    -0.072726  0.142750  0.009229 -0.013336  1.000000  "
      ]
     },
     "execution_count": 30,
     "metadata": {},
     "output_type": "execute_result"
    }
   ],
   "source": [
    " df.corr(method='pearson')"
   ]
  },
  {
   "cell_type": "code",
   "execution_count": 5,
   "metadata": {
    "scrolled": true
   },
   "outputs": [
    {
     "name": "stdout",
     "output_type": "stream",
     "text": [
      "len(dataX) :  266 (144, 16)\n",
      "len(dataY) :  266 (48, 1)\n",
      "train X :  (186, 144, 16) \tY :  (186, 48, 1)\n",
      "val   X :  (53, 144, 16) \tY :  (53, 48, 1)\n",
      "test  X :  (27, 144, 16) \tY :  (27, 48, 1)\n"
     ]
    }
   ],
   "source": [
    "#dir_path = 'C:/Users/VISLAB_PHY/Desktop/D_WORKSPACE/Data/'\n",
    "#df = read_csv(dir_path+'total.csv', encoding='CP949')\n",
    "#----------------------------------------------\n",
    "# time step만큼 window 움직여 dataset 생성\n",
    "#----------------------------------------------\n",
    "totalsize = df.shape[0]\n",
    "dataX, dataY = [], []\n",
    "\n",
    "for i in range(0, totalsize-timesteps-24+1, hoursteps):\n",
    "    dataX.append(df.iloc[i:(i + timesteps),0:-1])\n",
    "    dataY.append(df.iloc[i:(i + hoursteps),[0]])\n",
    "\n",
    "print(\"len(dataX) : \", len(dataX), dataX[0].shape)\n",
    "print(\"len(dataY) : \", len(dataY), dataY[0].shape)\n",
    "\n",
    "#----------------------------------------------\n",
    "#  Split train/test \n",
    "#----------------------------------------------\n",
    "\n",
    "train_size = int(len(dataX) * 0.7)\n",
    "val_size   = int(len(dataX) * 0.2)\n",
    "test_size  = len(dataX) - train_size - val_size\n",
    "val_idx = train_size+val_size\n",
    "\n",
    "trainX, valX, testX = np.array(dataX[0:train_size]), np.array(dataX[train_size:val_idx]), np.array(dataX[val_idx:val_idx+test_size])\n",
    "trainY, valY, testY = np.array(dataY[0:train_size]), np.array(dataY[train_size:val_idx]), np.array(dataY[val_idx:val_idx+test_size])\n",
    "\n",
    "print('train X : ', trainX.shape, '\\tY : ', trainY.shape)\n",
    "print('val   X : ', valX.shape,   '\\tY : ', valY.shape)\n",
    "print('test  X : ', testX.shape,  '\\tY : ', testY.shape)\n",
    "\n",
    "np.save(\"npset/\"+save_name+\"_trainX\",trainX)\n",
    "np.save(\"npset/\"+save_name+\"_trainY\",trainY)\n",
    "np.save(\"npset/\"+save_name+\"_valX\",valX)\n",
    "np.save(\"npset/\"+save_name+\"_valY\",valY)\n",
    "np.save(\"npset/\"+save_name+\"_testX\",testX)\n",
    "np.save(\"npset/\"+save_name+\"_testY\",testY)\n",
    "\n",
    "\n",
    "# 모델 1"
   ]
  },
  {
   "cell_type": "code",
   "execution_count": 6,
   "metadata": {},
   "outputs": [
    {
     "name": "stdout",
     "output_type": "stream",
     "text": [
      "Model: \"sequential\"\n",
      "_________________________________________________________________\n",
      "Layer (type)                 Output Shape              Param #   \n",
      "=================================================================\n",
      "lstm (LSTM)                  (None, 256)               279552    \n",
      "_________________________________________________________________\n",
      "repeat_vector (RepeatVector) (None, 48, 256)           0         \n",
      "_________________________________________________________________\n",
      "lstm_1 (LSTM)                (None, 48, 256)           525312    \n",
      "_________________________________________________________________\n",
      "time_distributed (TimeDistri (None, 48, 256)           65792     \n",
      "_________________________________________________________________\n",
      "time_distributed_1 (TimeDist (None, 48, 1)             257       \n",
      "=================================================================\n",
      "Total params: 870,913\n",
      "Trainable params: 870,913\n",
      "Non-trainable params: 0\n",
      "_________________________________________________________________\n"
     ]
    }
   ],
   "source": [
    "import tensorflow as tf\n",
    "\n",
    "model = tf.keras.Sequential()\n",
    "model.add(tf.keras.layers.LSTM(256, input_shape=(trainX.shape[1], trainX.shape[2])))\n",
    "model.add(tf.keras.layers.RepeatVector(hoursteps))\n",
    "model.add(tf.keras.layers.LSTM(256, return_sequences=True))\n",
    "model.add(tf.keras.layers.TimeDistributed(tf.keras.layers.Dense(256, activation='relu')))\n",
    "model.add(tf.keras.layers.TimeDistributed(tf.keras.layers.Dense(1)))\n",
    "model.summary()"
   ]
  },
  {
   "cell_type": "markdown",
   "metadata": {},
   "source": [
    "# 모델 fit 반복돌리기\n",
    "range 바꾸기"
   ]
  },
  {
   "cell_type": "code",
   "execution_count": 7,
   "metadata": {},
   "outputs": [
    {
     "name": "stdout",
     "output_type": "stream",
     "text": [
      "Train on 186 samples, validate on 53 samples\n",
      "Epoch 1/200\n",
      "186/186 [==============================] - 4s 24ms/sample - loss: 0.2616 - val_loss: 0.0898\n",
      "Epoch 2/200\n",
      "186/186 [==============================] - 0s 295us/sample - loss: 0.0897 - val_loss: 0.0199\n",
      "Epoch 3/200\n",
      "186/186 [==============================] - 0s 290us/sample - loss: 0.0302 - val_loss: 0.0174\n",
      "Epoch 4/200\n",
      "186/186 [==============================] - 0s 300us/sample - loss: 0.0268 - val_loss: 0.0173\n",
      "Epoch 5/200\n",
      "186/186 [==============================] - 0s 295us/sample - loss: 0.0261 - val_loss: 0.0174\n",
      "Epoch 6/200\n",
      "186/186 [==============================] - 0s 295us/sample - loss: 0.0260 - val_loss: 0.0189\n",
      "Epoch 7/200\n",
      "186/186 [==============================] - 0s 295us/sample - loss: 0.0265 - val_loss: 0.0181\n",
      "Epoch 8/200\n",
      "186/186 [==============================] - 0s 279us/sample - loss: 0.0265 - val_loss: 0.0184\n",
      "Epoch 9/200\n",
      "186/186 [==============================] - 0s 268us/sample - loss: 0.0269 - val_loss: 0.0183\n",
      "Epoch 10/200\n",
      "186/186 [==============================] - 0s 268us/sample - loss: 0.0263 - val_loss: 0.0182\n",
      "Epoch 11/200\n",
      "186/186 [==============================] - 0s 263us/sample - loss: 0.0257 - val_loss: 0.0173\n",
      "Epoch 12/200\n",
      "186/186 [==============================] - 0s 273us/sample - loss: 0.0256 - val_loss: 0.0179\n",
      "Epoch 13/200\n",
      "186/186 [==============================] - 0s 268us/sample - loss: 0.0260 - val_loss: 0.0188\n",
      "Epoch 14/200\n",
      "186/186 [==============================] - 0s 273us/sample - loss: 0.0295 - val_loss: 0.0200\n",
      "Epoch 15/200\n",
      "186/186 [==============================] - 0s 263us/sample - loss: 0.0279 - val_loss: 0.0185\n",
      "Epoch 16/200\n",
      "186/186 [==============================] - 0s 268us/sample - loss: 0.0264 - val_loss: 0.0179\n",
      "Epoch 17/200\n",
      "186/186 [==============================] - 0s 279us/sample - loss: 0.0257 - val_loss: 0.0176\n",
      "Epoch 18/200\n",
      "186/186 [==============================] - 0s 279us/sample - loss: 0.0253 - val_loss: 0.0169\n",
      "Epoch 19/200\n",
      "186/186 [==============================] - 0s 279us/sample - loss: 0.0251 - val_loss: 0.0170\n",
      "Epoch 20/200\n",
      "186/186 [==============================] - 0s 268us/sample - loss: 0.0263 - val_loss: 0.0224\n",
      "Epoch 21/200\n",
      "186/186 [==============================] - 0s 268us/sample - loss: 0.0302 - val_loss: 0.0180\n",
      "Epoch 22/200\n",
      "186/186 [==============================] - 0s 279us/sample - loss: 0.0262 - val_loss: 0.0182\n",
      "Epoch 23/200\n",
      "186/186 [==============================] - 0s 268us/sample - loss: 0.0258 - val_loss: 0.0180\n",
      "Epoch 24/200\n",
      "186/186 [==============================] - 0s 273us/sample - loss: 0.0259 - val_loss: 0.0174\n",
      "Epoch 25/200\n",
      "186/186 [==============================] - 0s 268us/sample - loss: 0.0264 - val_loss: 0.0256\n",
      "Epoch 26/200\n",
      "186/186 [==============================] - 0s 273us/sample - loss: 0.0315 - val_loss: 0.0190\n",
      "Epoch 27/200\n",
      "186/186 [==============================] - 0s 284us/sample - loss: 0.0490 - val_loss: 0.0171\n",
      "Epoch 28/200\n",
      "186/186 [==============================] - 0s 279us/sample - loss: 0.0281 - val_loss: 0.0197\n",
      "Epoch 29/200\n",
      "186/186 [==============================] - 0s 290us/sample - loss: 0.0295 - val_loss: 0.0165\n",
      "Epoch 30/200\n",
      "186/186 [==============================] - 0s 273us/sample - loss: 0.0255 - val_loss: 0.0175\n",
      "Epoch 31/200\n",
      "186/186 [==============================] - 0s 273us/sample - loss: 0.0250 - val_loss: 0.0164\n",
      "Epoch 32/200\n",
      "186/186 [==============================] - 0s 273us/sample - loss: 0.0243 - val_loss: 0.0189\n",
      "Epoch 33/200\n",
      "186/186 [==============================] - 0s 268us/sample - loss: 0.0264 - val_loss: 0.0174\n",
      "Epoch 34/200\n",
      "186/186 [==============================] - 0s 273us/sample - loss: 0.0270 - val_loss: 0.0193\n",
      "Epoch 35/200\n",
