"","f_01","f_03","f_04","f_05","f_06","f_07","f_09"
"f_01",1.0,0.8843641945875015,-0.10284901316684403,0.09703297830258188,0.33618244125397306,-0.9999924725558004,-0.8843641945875015
"f_03",0.8843641945875015,1.0,-0.07117383487377762,0.045864930610189675,0.2239177701412623,-0.8843740846002411,-1.0
"f_04",-0.10284901316684403,-0.07117383487377762,1.0,-0.01752330481803026,-0.055461957958466805,0.10284875824353527,0.07117383487377762
"f_05",0.09703297830258188,0.045864930610189675,-0.01752330481803026,1.0,0.019254883923009912,-0.09702723973952615,-0.045864930610189675
"f_06",0.33618244125397306,0.2239177701412623,-0.055461957958466805,0.019254883923009912,1.0,-0.3361549921446378,-0.2239177701412623
"f_07",-0.9999924725558004,-0.8843740846002411,0.10284875824353527,-0.09702723973952615,-0.3361549921446378,1.0,0.8843740846002411
"f_09",-0.8843641945875015,-1.0,0.07117383487377762,-0.045864930610189675,-0.2239177701412623,0.8843740846002411,1.0
