id
nullschool_1
nullschool_2
